                  0.0000                -11.8559                 11.8261                 11.8526
                  0.0003             -38260.6517              38163.8563              38238.6763
                  0.0006             -18347.1693              18299.5588              18330.1716
                  0.0009             -11731.0313              11703.3604              11719.7162
                  0.0012              -8438.4811               8423.0491               8432.5988
                  0.0016              -6474.8001               6468.2512               6473.9489
                  0.0019              -5175.1076               5175.5607               5178.8641
                  0.0022              -4254.4753               4260.7010               4262.4282
                  0.0026              -3570.4557               3581.5663               3582.2170
                  0.0029              -3043.9253               3059.2350               3059.1331
                  0.0033              -2627.4216               2646.3758               2645.7404
                  0.0037              -2290.7514               2312.8865               2311.8711
                  0.0040              -2013.7943               2038.7143               2037.4288
                  0.0044              -1782.6285               1809.9891               1808.5139
                  0.0048              -1588.3076               1617.2984               1615.3832
                  0.0052              -1425.3426               1454.2659               1451.0861
                  0.0056              -1284.6407               1313.6905               1309.5468
                  0.0060              -1162.2124               1191.5183               1186.6462
                  0.0065              -1054.9569               1084.6010               1079.1866
                  0.0069               -960.4280                990.4574                984.6484
                  0.0073               -876.6703                907.1064                901.0205
                  0.0078               -802.1026                832.9474                826.6789
                  0.0082               -735.4325                766.6739                760.2984
                  0.0087               -675.5937                707.2093                700.7874
                  0.0092               -621.6989                653.6588                647.2391
                  0.0097               -573.5024                605.7300                599.0118
                  0.0102               -530.3500                562.7688                555.4588
                  0.0107               -491.0663                523.6522                515.8861
                  0.0112               -455.2184                487.9444                479.8362
                  0.0117               -422.4334                455.2704                446.9158
                  0.0123               -392.3885                425.3063                416.7858
                  0.0128               -364.8033                397.7707                389.1520
                  0.0134               -339.4323                372.4183                363.7580
                  0.0139               -316.0606                349.0342                340.3796
                  0.0145               -294.4985                327.4292                318.8200
                  0.0151               -274.5550                307.8041                298.8201
                  0.0157               -256.0954                289.7994                280.2770
                  0.0163               -239.0024                273.0539                263.1081
                  0.0170               -223.1572                257.4597                247.1899
                  0.0176               -208.4538                242.9200                232.4124
                  0.0183               -194.7966                229.3481                218.6772
                  0.0190               -182.1000                216.6660                205.8960
                  0.0196               -170.2866                204.8033                193.9895
                  0.0203               -159.2863                193.6963                182.8863
                  0.0211               -149.0359                183.2873                172.5221
                  0.0218               -139.4778                173.5240                162.8383
                  0.0225               -130.5597                164.3587                153.7823
                  0.0233               -122.2339                155.7482                145.3061
                  0.0241               -114.4567                147.6526                137.3660
                  0.0248               -107.1886                140.0359                129.9222
                  0.0256               -100.3928                132.8647                122.9386
                  0.0265                -94.0361                126.1086                116.3819
                  0.0273                -88.0877                119.7397                110.2219
                  0.0282                -82.5193                113.7322                104.4306
                  0.0290                -77.3049                108.0622                 98.9825
                  0.0299                -72.5792                103.0876                 94.1002
                  0.0308                -68.2960                 98.7495                 89.7323
                  0.0318                -64.2594                 94.6126                 85.5880
                  0.0327                -60.4545                 90.6658                 81.6542
                  0.0337                -56.8675                 86.8988                 77.9186
                  0.0347                -53.4855                 83.3022                 74.3699
                  0.0357                -50.2966                 79.8671                 70.9974
                  0.0367                -47.2895                 76.5850                 67.7913
                  0.0377                -44.4537                 73.4481                 64.7422
                  0.0388                -41.7793                 70.4491                 61.8415
                  0.0399                -39.2573                 67.5812                 59.0811
                  0.0410                -36.8788                 64.8377                 56.4534
                  0.0421                -34.6359                 62.2127                 53.9513
                  0.0433                -32.5209                 59.7004                 51.5681
                  0.0445                -30.5533                 57.3588                 49.3423
                  0.0457                -28.8020                 55.3721                 47.3990
                  0.0469                -27.1418                 53.4583                 45.5360
                  0.0482                -25.5683                 51.6141                 43.7497
                  0.0494                -24.0772                 49.8367                 42.0367
                  0.0507                -22.6644                 48.1232                 40.3936
                  0.0521                -21.3261                 46.4711                 38.8172
                  0.0534                -20.0587                 44.8779                 37.3047
                  0.0548                -18.8587                 43.3412                 35.8532
                  0.0562                -17.7228                 41.8586                 34.4600
                  0.0577                -16.6479                 40.4282                 33.1227
                  0.0591                -15.6326                 39.0529                 31.8450
                  0.0606                -14.6865                 37.7702                 30.6718
                  0.0622                -13.7908                 36.5305                 29.5426
                  0.0637                -12.9432                 35.3322                 28.4557
                  0.0653                -12.1414                 34.1738                 27.4094
                  0.0670                -11.3832                 33.0538                 26.4021
                  0.0686                -10.6664                 31.9708                 25.4321
                  0.0703                 -9.9892                 30.9235                 24.4982
                  0.0720                 -9.3496                 29.9106                 23.5988
                  0.0738                 -8.7460                 28.9314                 22.7340
                  0.0756                 -8.1819                 27.9954                 21.9341
                  0.0774                 -7.6494                 27.0896                 21.1623
                  0.0793                 -7.1471                 26.2128                 20.4175
                  0.0812                 -6.6733                 25.3642                 19.6988
                  0.0832                 -6.2268                 24.5428                 19.0051
                  0.0852                 -5.8062                 23.7475                 18.3357
                  0.0872                 -5.4103                 22.9777                 17.6897
                  0.0893                 -5.0396                 22.2395                 17.0765
                  0.0914                 -4.6937                 21.5363                 16.5012
                  0.0935                 -4.3684                 20.8548                 15.9448
                  0.0957                 -4.0624                 20.1944                 15.4068
                  0.0980                 -3.7749                 19.5543                 14.8866
                  0.1003                 -3.5050                 18.9340                 14.3835
                  0.1026                 -3.2517                 18.3327                 13.8970
                  0.1050                 -3.0137                 17.7597                 13.4396
                  0.1074                 -2.7907                 17.2073                 13.0014
                  0.1099                 -2.5818                 16.6716                 12.5770
                  0.1124                 -2.3865                 16.1519                 12.1660
                  0.1150                 -2.2040                 15.6478                 11.7679
                  0.1176                 -2.0335                 15.1588                 11.3824
                  0.1203                 -1.8706                 14.6909                 11.0198
                  0.1231                 -1.7187                 14.2377                 10.6697
                  0.1259                 -1.5775                 13.7978                 10.3302
                  0.1287                 -1.4466                 13.3709                 10.0011
                  0.1316                 -1.3252                 12.9566                  9.6820
                  0.1346                 -1.2085                 12.5588                  9.3787
                  0.1377                 -1.0989                 12.1750                  9.0878
                  0.1408                 -0.9983                 11.8023                  8.8055
                  0.1439                 -0.9060                 11.4404                  8.5315
                  0.1471                 -0.8213                 11.0890                  8.2656
                  0.1504                 -0.7367                 10.7540                  8.0143
                  0.1538                 -0.6596                 10.4293                  7.7709
                  0.1572                 -0.5902                 10.1139                  7.5346
                  0.1607                 -0.5276                  9.8074                  7.3050
                  0.1643                 -0.4653                  9.5133                  7.0854
                  0.1679                 -0.4066                  9.2301                  6.8745
                  0.1716                 -0.3553                  8.9548                  6.6695
                  0.1754                 -0.3106                  8.6871                  6.4702
                  0.1792                 -0.2633                  8.4302                  6.2794
                  0.1832                 -0.2195                  8.1826                  6.0958
                  0.1872                 -0.1839                  7.9418                  5.9172
                  0.1913                 -0.1547                  7.7075                  5.7435
                  0.1955                 -0.1120                  7.4843                  5.5786
                  0.1998                 -0.0832                  7.2675                  5.4184
                  0.2041                 -0.0637                  7.0565                  5.2625
                  0.2086                 -0.2313                  6.8535                  5.1128
                  0.2131                  0.0340                  6.6583                  4.9690
                  0.2177                  0.0141                  6.4683                  4.8290
                  0.2224                  0.0098                  6.2843                  4.6935
                  0.2273                  0.0127                  6.1080                  4.5638
                  0.2322                  0.0209                  5.9362                  4.4374
                  0.2372                  0.0536                  5.7698                  4.3148
                  0.2423                  0.0594                  5.6099                  4.1972
                  0.2475                  0.0699                  5.4542                  4.0825
                  0.2529                  0.0819                  5.3037                  3.9715
                  0.2583                  0.0864                  5.1589                  3.8646
                  0.2638                  0.0946                  5.0177                  3.7604
                  0.2695                  0.0989                  4.8824                  3.6602
                  0.2753                  0.1022                  4.7514                  3.5630
                  0.2812                  0.1072                  4.6242                  3.4685
                  0.2872                  0.1075                  4.5023                  3.3777
                  0.2933                  0.1100                  4.3834                  3.2891
                  0.2996                  0.1086                  4.2696                  3.2043
                  0.3059                  0.1061                  4.1592                  3.1220
                  0.3124                  0.1051                  4.0515                  3.0416
                  0.3191                  0.1060                  3.9463                  2.9632
                  0.3259                  0.1074                  3.8444                  2.8871
                  0.3328                  0.1031                  3.7474                  2.8147
                  0.3398                  0.0999                  3.6527                  2.7440
                  0.3470                  0.0983                  3.5602                  2.6749
                  0.3544                  0.0980                  3.4700                  2.6076
                  0.3619                  0.0929                  3.3847                  2.5437
                  0.3695                  0.0890                  3.3014                  2.4813
                  0.3773                  0.0863                  3.2200                  2.4202
                  0.3853                  0.0840                  3.1410                  2.3610
                  0.3934                  0.0790                  3.0660                  2.3045
                  0.4017                  0.0750                  2.9926                  2.2491
                  0.4102                  0.0723                  2.9208                  2.1951
                  0.4188                  0.0681                  2.8523                  2.1432
                  0.4276                  0.0638                  2.7861                  2.0929
                  0.4366                  0.0603                  2.7213                  2.0437
                  0.4458                  0.0569                  2.6588                  1.9961
                  0.4551                  0.0526                  2.5989                  1.9503
                  0.4647                  0.0491                  2.5403                  1.9055
                  0.4744                  0.0460                  2.4834                  1.8619
                  0.4843                  0.0420                  2.4290                  1.8201
                  0.4945                  0.0388                  2.3758                  1.7791
                  0.5048                  0.0358                  2.3242                  1.7394
                  0.5153                  0.0324                  2.2747                  1.7011
                  0.5261                  0.0296                  2.2262                  1.6636
                  0.5371                  0.0268                  2.1794                  1.6274
                  0.5483                  0.0240                  2.1341                  1.5923
                  0.5597                  0.0217                  2.0897                  1.5579
                  0.5714                  0.0191                  2.0471                  1.5249
                  0.5833                  0.0170                  2.0056                  1.4927
                  0.5954                  0.0149                  1.9652                  1.4614
                  0.6078                  0.0128                  1.9261                  1.4311
                  0.6205                  0.0110                  1.8879                  1.4015
                  0.6334                  0.0091                  1.8511                  1.3730
                  0.6465                  0.0075                  1.8151                  1.3451
                  0.6600                  0.0057                  1.7803                  1.3182
                  0.6737                  0.0042                  1.7464                  1.2919
                  0.6876                  0.0020                  1.7135                  1.2665
                  0.7019                  0.0010                  1.6815                  1.2417
                  0.7165                  0.0011                  1.6503                  1.2177
                  0.7313                 -0.0238                  1.6201                  1.1944
                  0.7464                 -0.0018                  1.5906                  1.1718
                  0.7619                 -0.0026                  1.5620                  1.1497
                  0.7777                 -0.0036                  1.5343                  1.1284
                  0.7938                 -0.0043                  1.5072                  1.1076
