47
1.8897261258369284e-05 -627704.3632834218 626100.4045586637 627736.3748112703
0.004724315314592321 -1672.2908727039996 1706.0438658450298 1696.1957215334614
0.009448630629184641 -619.3065206173368 659.3417952272664 638.9697942484584
0.01474633845637495 -302.92562174928355 345.72682464460746 319.6480960987665
0.0294926769127499 -86.07864911310413 130.3606006594391 98.30335776359084
0.044239015369124855 -38.75844915056642 81.20407195131236 48.988520878445115
0.0589853538254998 -21.196904233612088 60.80367266771482 30.23921419462505
0.07373169228187475 -12.814501071528005 49.23341149345313 20.930843674482205
0.08847803073824971 -8.252277475487334 41.453523642763656 15.614067715937523
0.10322436919462466 -5.542572783116544 35.69632017093132 12.282335592009517
0.1179707076509996 -3.827565735721728 31.183480412395156 10.037420001826419
0.13271704610737453 -2.693685637952906 27.52399707105935 8.442502436909209
0.1474633845637495 -1.918819882865595 24.49390610443556 7.262497311286616
0.16220972302012446 -1.3755268606563975 21.949724633378672 6.359460866096796
0.17695606147649942 -0.9872679685499595 19.78938965130925 5.6481273440442905
0.19170239993287433 -0.706040033186083 17.93888616582941 5.074609916807148
0.20644873838924932 -0.5001354272458123 16.34351921349836 4.605207866733789
0.22119507684562426 -0.34809764903885476 14.960000813135373 4.216279786643636
0.2359414153019992 -0.23566994930553276 13.752543068152018 3.8875715485148383
0.2506877537583742 -0.15301988073430217 12.692642047241488 3.6044552839456365
0.26543409221474906 -0.09246139434062184 11.75712625748169 3.3586307963096225
0.280180430671124 -0.04815507775246508 10.927236054873177 3.14420451803354
0.294926769127499 -0.016068337242704733 10.188501864081232 2.9558169241322076
0.3244194460402489 0.022483150460386292 8.9374915370382 2.6403341564172127
0.35391212295299884 0.03950958441153085 7.924049041958847 2.3870892256600573
0.38340479986574866 0.04454961496455667 7.090802183579886 2.1797932603725663
0.41289747677849864 0.04315977701137991 6.3967955645676895 2.0072432808941016
0.4423901536912485 0.038584792433301845 5.812180193031864 1.8615097768350068
0.4718828306039984 0.03269866889052905 5.314848350867166 1.7370291760810463
0.5013755075167484 0.026560095918781362 4.888068638550055 1.629695134786954
0.5308681844294981 0.020739730383334903 4.518957321502822 1.5363398233832406
0.560360861342248 0.015517040282540001 4.197451416783726 1.45448990268991
0.589853538254998 0.011002793284804815 3.915579453100925 1.3822451471464658
0.6193462151677478 0.007209308022826752 3.6669762472697096 1.3180980610710415
0.6488388920804978 0.004094654761212159 3.4465131002975147 1.2608146795940245
0.6783315689932478 0.0015905985505903775 3.250001771995178 1.2093778958215475
0.7078242459059977 -0.00038072668839291696 3.0739349297379617 1.1629526237787209
0.7373169228187475 -0.001897932610881413 2.9154160399427753 1.1208492957396978
0.7668095997314973 -0.0030350875909418255 2.7720570367887465 1.0824912637166584
0.7963022766442474 -0.003859007205161781 2.641888578812302 1.0473922739177781
0.8257949535569973 -0.004428311130733498 2.5233333599447594 1.0151338299713184
0.8552876304697471 -0.004793268577764756 2.4150636215834864 0.9853597459114454
0.884780307382497 -0.004996346665093283 2.3159314138202003 0.9577699772151789
0.914272984295247 -0.005072923144135202 2.2249233329855764 0.9321101944189101
0.9437656612079968 -0.005052056810325448 2.1410704817581077 0.9081649360513864
0.9732583381207467 -0.004957575493450314 2.0635216785171915 0.8857508878181952
1.0027510150334968 -0.004808857324482577 1.9915567736149806 0.8647104166167701